%YAML:1.0
cameraMatrix: !!opencv-matrix
   rows: 3
   cols: 3
   dt: d
   data: [1023.750304, 0.0, 604.394527, 0.0, 1021.269563, 513.893233, 0.0, 0.0, 1.0]
   #data: [1060.066374, 0.000000, 692.838723, 0.000000, 064.534682, 5.566466, 0.000000, 0.000000, 1.000000]

distCoeffs: !!opencv-matrix
   rows: 1
   cols: 5
   dt: d
   data: [ -0.101239733562301, 0.120279695097789, -0.00232373422874182, 0.000566710572395489, -0.0413959234793106]
   #data: [-0.077614, 0.097460, 0.00438, 0.003902, 0.000000]
average_reprojection_err: 5.1860811710357668e-001
